0
123
33
67
118
113
119
115
112
122
120
121
114
52
90
4
38
91
100
41
8
68
69
70
71
44
12
105
106
103
97
63
17
78
46
107
24
83
62
94
95
42
99
18
77
65
45
50
13
59
89
5
28
40
15
9
109
117
14
60
56
57
20
64
36
34
73
74
75
76
31
47
66
80
101
23
27
35
3
108
53
10
98
19
2
1
37
61
51
104
81
84
85
86
87
39
82
43
25
26
88
29
110
111
96
6
54
55
49
32
21
93
92
11
116
16
58
79
102
30
7
72
22
48